% Model:              Simulaciones Comsol.mph
% Version:            COMSOL 5.5.0.359
% Date:               Jul 17 2024, 14:42
% Dimension:          3
% Nodes:              826
% Expressions:        1
% Description:        Surface
% x                       y                        z                        Color
5.962026216256703         2500.000000000029        2.1189091284819113       0.007766219247019787
2.089012034312139         2500                     2.089012034312139        0.002770642193793283
2.0250545667360105        2500.000000000029        5.9108075685109815       0.007728882009755557
1.9653338529232742        2500                     9.902904984828798        0.009987227834181123
3.282437332596256         2500                     8.746639742991473        0.014031062527729128
47.87997165605698         2499.999999999971        5.983005200654142        0.007792275582812797
47.85014975199819         2500                     2.1498502480018002       0.0028516331893199674
44.03501741856981         2499.99999999997         2.1278803734386575       0.00790105835778448
48.027884970556045        2499.99999999997         64.1267242996423         0.007377104497914575
44.15840792725196         2499.99999999997         68.03893662341947        0.0074241403090574845
48.030814133662105        2500                     68.03081413366212        0.002585802378670762
45.58195887280299         2500                     64.27996439000029        0.013548952524684077
46.14877152190575         2500                     63.04920772054585        0.013188067964431036
48.016610248649314        2500                     60.082971617655396       0.010175978738066103
46.67652550724456         2500                     59.230132796628666       0.0165764211016598
48.00606652631873         2499.9999999999695       55.94208378807487        0.012280763890059627
1.9961182886453015        2500.000000000029        64.11217851637662        0.007470040801770779
2.0036409088380793        2500                     67.9963590911619         0.0025966163494453654
5.883966901757915         2500.000000000029        67.9815788972337         0.007599600277831625
6.747769373760815         2500                     65.00462435346938        0.01707789710846996
9.906665277903375         2500                     67.95359869188519        0.01005206321748845
7.191874813126041         2500                     65.22720100429423        0.0169105223703724
14.00950416891829         2500.000000000029        67.91180747643887        0.012409506567053799
10.827562837597531        2500                     65.90807122753041        0.01970245908174525
6.968101551016591         2500                     65.03807914839582        0.017403497147745504
4.148082754019187         2500                     61.67333811323194        0.016923237731604666
3.959600666836536         2500                     61.43111580879975        0.01692703028971245
3.9433187138325803        2500                     61.441931317081085       0.016860200251468265
3.9278246827921386        2500.0000000000005       61.419973324581875       0.01682573578615711
3.9436762006198327        2500.0000000000005       61.41261704931922        0.016901567568759383
1.947374481967699         2500.000000000029        55.970382792672076       0.011906809052454791
1.971596558864618         2500                     60.08997128802595        0.009764567583607348
7.318007697102866         2500                     64.93678787399725        0.018255199710071193
11.681387045456859        2500                     64.41655962806324        0.02692001511154342
14.883668271095999        2500                     65.44208409498466        0.024920457660698885
16.465886035915876        2500                     65.8546263262424         0.024493868095230183
16.979377748419953        2500                     66.52885587626527        0.02096844184170033
21.99800705484995         2500.0000000000227       67.87579329130823        0.01460499771848636
18.152327923344544        2500                     67.88420952309323        0.01367466779889711
17.335997046501852        2500                     65.64491447857033        0.026114385479323765
5.719364098497273         2500                     8.135026939329773        0.02140311056331607
4.939239810427253         2500                     8.55598848781977         0.020135665701896597
5.398583553506889         2500.0000000000005       9.176118849847384        0.022692861097533483
6.063179809454038         2500                     8.717138664713563        0.023606314041781616
3.932467638468566         2500                     12.126332280255754       0.020516916641870348
4.867408305719481         2500                     10.988174431185895       0.023331890270388716
3.239258771514175         2500                     10.462619744631523       0.01599561109828844
1.9317068794993744        2500.000000000029        14.021477690844774       0.011630796373910368
4.132004831046846         2500                     9.380741548092189        0.01836396019393091
14.014526576466109        2500.000000000029        2.0863170141314837       0.012477115988916999
8.879881191972098         2500                     4.163933644429737        0.017430547999632125
9.535857112017876         2500                     4.839651225404338        0.02094461087201387
8.178307702214862         2500                     5.175748511637744        0.02001779062078462
8.732011054240461         2500.0000000000005       5.71249220879977         0.022601501650816758
9.948235258145466         2500                     2.1169532972799523       0.010643925654974533
6.320585562552308         2500                     5.921021638316057        0.01871659303922104
4.567757318312307         2500                     7.053859338437278        0.01623135328119726
5.2596736821620045        2500                     5.196393922471893        0.01461136229313555
29.115091499803782        2499.9999999999977       1.977159945721195        0.013368183893098014
25.582575651622392        2500                     1.9828549051013389       0.013626153024588802
27.114505060722664        2500                     2.925599609268598        0.019394918508720858
25.046844106807942        2500                     3.434787897495335        0.02254132299994862
21.992382650535006        2500.0000000000227       2.0096258990946616       0.013700348975510304
31.195833048821882        2500                     3.1803659892571234       0.020228116819541602
33.99380368926578         2500                     3.396323906812068        0.020024672234006047
32.516228961339436        2500                     1.99093367354165         0.012921001701889796
36.02240774373274         2499.9999999999695       2.023033812949838        0.011903955455035128
1.9239526105573848        2500                     18.224192651489375       0.013010420440222006
3.482053915621633         2500                     18.167285044474383       0.022285296321054117
3.7837003282797843        2500                     17.52295476712182        0.02374354612069163
3.8957203245022214        2500                     18.160035455659564       0.02475570463987637
1.9346975455041435        2500.0000000000286       22.467952637279062       0.014118388595240514
3.824679563751286         2500                     19.5382845969351         0.025032366981451337
4.9880801984522245        2500                     15.98500308771348        0.02906326064518549
4.607213170816757         2500                     14.937442212047479       0.026363709524254163
5.4451166533262105        2500                     14.044764297293321       0.02902027452213645
6.493760194432187         2500                     15.547119874312191       0.035331551343613446
28.321050875509968        2500                     3.5622311157330664       0.023182989439376
29.425632520677873        2500                     3.925057701016527        0.02498645777848442
25.905169354391496        2500                     3.8932877781145936       0.025269887669726154
34.869230967318956        2500                     7.332969056671603        0.03775435492560398
34.57597999163874         2500                     6.470785883626731        0.03426079587669522
34.13416391697915         2500                     7.383502734839641        0.03872534765423589
34.758880922509206        2500.0000000000005       7.858231527561701        0.039717174748747364
33.30820357051059         2500                     5.08893666765324         0.029326176023397526
31.106491020889013        2500                     5.2458257390703915       0.031218505584906485
32.10173678109267         2500                     6.300405533368312        0.03583625242905371
32.832525012213324        2500.0000000000005       7.879093041562559        0.041857109311821364
30.515462644671757        2500                     7.368593463822782        0.04159760333971671
35.436880283883845        2500                     4.079526888932954        0.023012649362472846
38.54775456875478         2500                     3.6731023915052283       0.018522107008231384
39.64425966445381         2500                     3.1433483949024095       0.01532743082247584
40.07720760902282         2500                     2.080293680324071        0.010583405171834512
39.42740399220501         2499.9999999999995       5.876313230179474        0.02599256591854492
39.344524756533055        2500                     5.320735210570873        0.02399278706898695
38.9929145622749          2500                     6.074789539966672        0.027351257913136265
38.341346664299515        2500                     5.603608160181235        0.02601465807745625
39.548438235312595        2500                     6.70060903518568         0.02826036634318063
40.24526177539528         2500                     5.878581416981707        0.02459811074579515
44.486325419949814        2500                     5.390679639079178        0.015922030431346636
40.86255128931932         2500                     4.14471530728376         0.01718135580818214
44.94198937211796         2500                     8.707972140157827        0.020057354316864607
45.903973947176674        2500                     9.855256655097376        0.018516335103581645
47.956037992860814        2500                     9.949000414162121        0.010559290970829582
48.028087455916           2499.9999999999695       14.038341870499242       0.01199148987316434
41.56186864117459         2500                     7.2376592206369414       0.025880731097760422
42.60661177843649         2500                     7.607559008685473        0.025033477744521082
46.158165147538185        2500                     16.74253436454941        0.023533757381002544
48.09838222020221         2500                     18.21091383746733        0.01305789283320076
48.12336715431116         2499.9999999999695       22.44888641137173        0.01365925392507066
47.166972578431924        2500                     19.42116579393047        0.019298171862545344
45.847945443828806        2500                     15.92695869215092        0.02473744205501724
45.443283447033           2500                     10.823461495070397       0.021346318287020265
46.186744418975685        2500                     13.395035772831063       0.02105225961592279
41.29329725802212         2500                     65.86632724182498        0.01680987514210469
40.126516517812526        2500                     68.01730515364771        0.009852076491901599
41.98033001547563         2500                     65.08069400358634        0.018980647989320507
43.88036768610314         2500                     64.44084728861247        0.016548404762566388
44.086968386164436        2500.0000000000005       61.50548482282991        0.022515342063703127
44.38712951657505         2500                     61.68267090684655        0.021526038203085584
44.191448504706266        2500.0000000000005       61.360620276858654       0.022650568174149982
44.565667097973915        2500.0000000000005       60.87497781830006        0.021998152254767887
44.19657501241332         2500                     61.21874170123028        0.022891337976316133
45.32918006853848         2500                     63.93677444945627        0.014820486244685006
40.07212040003353         2500                     65.27841912266815        0.020767190868974147
36.0158908410617          2499.9999999999695       67.98886114994475        0.011809609329728715
38.72377897413871         2500                     67.12384156408538        0.014954866281830605
37.842798839968545        2500                     65.93990309230284        0.02091098098116486
34.570140067056336        2500                     66.56943964303218        0.020118297745822186
29.09462843275762         2499.9999999999977       67.91825321125933        0.01407675734409177
30.07741843396979         2500                     66.0995742182735         0.02464544186923426
29.07350732443389         2500                     66.08440191766847        0.025007233615336674
30.531169596936603        2500                     66.79963231878189        0.020531346170814223
32.649499016921894        2500                     66.5326348207214         0.02122216881755455
33.73540315869197         2500                     66.79130617535702        0.019384912348675776
32.49545592757623         2500                     67.95926373106073        0.013375637009243543
43.93612169374353         2500                     61.283867060278816       0.023490737683558208
41.33923578699679         2500                     63.73569251921538        0.0241629544205982
44.08776547139903         2500                     60.97397885278015        0.02367656035365287
48.025635940348           2500                     51.755739262446895       0.013366690129983448
46.65851959090979         2500                     53.23680471485602        0.020429747867461302
45.431671144056594        2500                     54.47410461188342        0.026637093038086
46.27429214034648         2500                     59.14062994233502        0.018281837555463983
42.07388112471014         2500                     59.19103005504697        0.03262301674336174
43.12702030941468         2500                     57.27671134169411        0.03345334336205369
45.47179595852621         2500                     58.53932523964205        0.02234541298768554
44.07515773781515         2500                     56.30257011457178        0.03066351926429082
38.12240214641932         2500                     64.72374073407696        0.02542473374157233
39.347998719876685        2500                     62.49178594713719        0.031205727928280504
36.02593720442012         2500                     62.358477076772786       0.03762851029293335
19.654391916323753        2500                     65.08846273686167        0.030163792972860485
21.59647912714417         2500                     65.41753372085729        0.028953200888805215
25.172660195053236        2500                     65.61002269957902        0.02827216098156195
26.063498311787384        2500                     66.24890972234452        0.024488943964673056
25.574447298669746        2500                     67.89849195374768        0.01451522829906322
26.39802717740525         2500                     65.50618059949672        0.028935295287473344
31.748165519580446        2500.0000000000005       64.00918835303372        0.0347872085148239
32.348054795223774        2500                     62.98099679250254        0.03865124606821173
31.002289120387132        2500.0000000000005       64.02089768933226        0.03519668922219065
30.51572762377168         2500.0000000000005       63.48972595029292        0.03792173951565428
32.83686529987088         2500                     65.55607531260343        0.026288638601259427
30.153031291547915        2500.0000000000005       64.09045262713552        0.03507421066221173
7.094396650664025         2500                     64.41272052714841        0.019353889728552936
9.418294544610848         2500                     62.53779784841965        0.02844471740927699
7.420584641119261         2500                     59.7944914045465         0.030169803791802043
7.613275011459597         2500.0000000000005       61.47320396998134        0.027920009070150395
8.252418272386848         2500.0000000000005       60.640940446814525       0.03158318398692108
6.604804592834704         2500                     60.58844623969662        0.025956027607666084
11.438722344762335        2500                     59.88264828154206        0.04105672522411937
12.105027392455856        2500                     60.014858180521266       0.04196545057325844
6.827636582450339         2500                     64.8539317050314         0.01757463767793139
13.628850591624525        2500                     63.196523567934264       0.034098562247973974
14.95915870564812         2500.0000000000005       62.244303266501824       0.0394703941322473
12.609656710877431        2500                     60.06889926727534        0.04261882720577208
15.384522684760471        2500                     63.31785227456619        0.0351754979199434
16.63596052322086         2500                     63.54960509265553        0.035085583341006144
17.465446838204883        2500                     60.97269003881976        0.04683618134902834
1.9174929783724983        2500.000000000028        38.97225221240959        0.014967147397494213
2.9024640208700063        2500                     36.63534917386113        0.022181519152752127
1.933991349250118         2500                     35.32557601499082        0.015376617313785932
1.8984262505960658        2500.0000000000286       47.53257246474737        0.013945309083147932
1.9113812451029362        2500                     51.77844412169008        0.012977455579271609
2.722714516364273         2500                     51.1354938441866         0.018217282212707915
4.718702158871206         2500.0000000000005       54.216616126381055       0.027558252804102353
4.79684666932478          2500                     54.128063484066956       0.027979171424789735
4.718103093805668         2500                     54.041706049296565       0.027722517717743842
4.693708373834487         2500.0000000000005       53.9004917198707         0.027666260971616372
4.642640073387653         2500                     53.949174447606914       0.027330220632235693
4.769003263451749         2500                     53.987273922675975       0.02801828244509859
4.86358120531604          2500                     53.688171015395994       0.028741127897616278
4.725199837152159         2500                     36.42902524689869        0.034640809072832075
1.943642429934437         2500.000000000028        31.028224740602067       0.015166851888745071
4.222235340008911         2500                     30.281659890697867       0.03126685868451678
4.242127573763953         2500                     30.20037698060573        0.03140275862268049
4.264293661779013         2500                     30.12483336266684        0.03154228719855099
4.262670769389038         2500                     30.17958160014502        0.031541247630759196
4.270427737646519         2499.9999999999995       30.23397366716466        0.0315999094067397
4.29531684494197          2500                     30.19016772764304        0.031739141067254756
1.9011148039406036        2500                     43.26052980591275        0.014525111614559253
3.068237123970834         2500                     42.51717695643801        0.022814006231964192
5.60712253858504          2500                     57.654567763069394       0.02781981009001553
4.460569165692669         2500                     58.856210719517726       0.021743358897965644
12.11697236880796         2500                     59.67453653447114        0.04315796863589935
6.753562406502159         2500                     19.76646405985475        0.04099043263867729
6.961220290044055         2500                     19.496081387270742       0.041631133548500426
6.4696581639192985        2500                     20.1843411396599         0.039654618543851154
6.961546431846742         2500                     19.80773381234946        0.04198055923885483
6.811260925879639         2500                     20.160724648173954       0.04157098069068517
5.037040477214473         2500                     26.513784052783816       0.03527144100484933
6.036556606671361         2500                     24.792766189853303       0.04036124955500227
4.678087234204378         2500                     24.206760713193006       0.03227460137110972
5.704462776978947         2500                     22.988632602151746       0.03766067020341121
7.281472125486946         2500                     23.769144498688853       0.04639949468924327
4.084862019872722         2500                     22.595118247900245       0.028152526858595466
3.2175312292379328        2500                     24.09198405409486        0.02290274970592771
1.9401210632458277        2500                     26.739599612430375       0.01492280686872345
3.3552007386937737        2500                     27.148161544495913       0.024712994104207957
42.41648250123467         2500                     55.52412007145281        0.03885055943433739
43.3770003710173          2500                     53.91528598219466        0.036339676564451855
21.739860436949193        2500                     61.86524209207874        0.04644411615066033
21.864118754456122        2500                     61.887589243198214       0.046429761983070986
21.988885650430053        2500                     61.9520089715213         0.046120643125183276
26.576347085524564        2500                     61.731333993387416       0.047653660459072045
26.342880974678604        2500.0000000000005       61.49310658994184        0.048608632555068414
22.24523165483128         2500                     61.8403807422234         0.046696698924548335
26.786711249443847        2500                     61.69805241420349        0.04777017838686162
26.693712202303004        2500                     62.05091141180586        0.04606374920272514
48.049044449145605        2499.9999999999695       47.518244384606255       0.014152304671874076
46.374422896800795        2500.0000000000005       49.154851305711915       0.024699603242850993
46.15305062249348         2500.0000000000005       49.007601949393596       0.026099002500707437
46.107415438723756        2500.0000000000005       49.41415263687874        0.026057021779066932
46.189532337464314        2500                     48.60328813958472        0.026059326261553547
45.8806329052154          2500                     48.763636284049994       0.027783872362057267
46.22372177070028         2500                     48.89161211601327        0.02573895809977117
46.56364164052124         2500                     45.863002048219016       0.024425744396950482
44.04948272948529         2500                     51.597577534788805       0.035959330771502644
43.819685868378485        2500                     50.54697015807679        0.03801045630516278
43.4324996608841          2500                     49.48834040258174        0.04089950969941866
42.71520512628388         2500                     51.53502675158608        0.04192433927081214
48.07815489702304         2500                     43.254106996367526       0.01480150040337876
46.950067534639714        2500                     43.446008134835466       0.022599568130587906
48.0877322493592          2499.999999999968        38.96602638246167        0.015055317742493666
13.085110905424326        2500                     4.677438400054747        0.024462352650994945
15.909018512765575        2500                     4.5815690365095705       0.026113450330836514
14.035964031155391        2500                     6.828403194810285        0.03408153618917363
16.282344635351222        2499.9999999999995       4.411189897316988        0.02540444431269514
18.141195103764666        2500                     2.0404732536583214       0.013437587050671745
7.595756978322367         2500                     11.82186831658181        0.0345063179369303
10.343475357382944        2500                     12.22957498619823        0.043636805028808824
8.881496533753202         2500                     10.507849439737987       0.03537354431501591
8.44764109591485          2500                     14.110773141229606       0.04113564784676503
12.695239542271565        2500                     8.184954332090062        0.03733069360939157
9.79521204853743          2500                     8.187167502278399        0.03217662066946795
11.024011494340664        2500                     10.39231197409562        0.040987871447015795
11.268061209430604        2500                     6.5866904076582315       0.029136849019487047
27.663855421810425        2500                     5.5158008464225805       0.03366783800263401
25.77359823133272         2500                     5.3284555064768755       0.03292519827682505
27.312861747471413        2500                     6.935766229055065        0.041404648816839834
24.89107587005389         2500                     6.364518472292308        0.03842621222475367
28.428910214148242        2500                     6.058849446815758        0.03647126379632047
28.276543576895953        2500                     8.126622654291591        0.04636082520647296
25.83248771125198         2500                     8.049803563372741        0.04664548684875012
18.364741278865875        2500                     7.989346159987488        0.04355083921677622
19.844738492493963        2500                     4.75036448583636         0.029233268535434925
16.334220458453643        2500                     4.5876657548342274       0.02641737189064576
18.524919127515847        2500                     3.2458115632974645       0.020374806941079498
20.803611598075566        2500                     5.8474524465342625       0.035035558125195446
18.563450317107293        2500                     8.187817911638193        0.0446169880822206
22.71884482968609         2500                     8.23609442828888         0.047086791704984365
23.41206928928643         2500                     6.256013120967905        0.03769105405210632
21.32816942413664         2500                     4.734958052999422        0.029552097944802576
23.846479523984613        2500                     5.661240396707221        0.03479470484875174
24.523108117077825        2500                     4.087679211626721        0.026481245502321678
45.951528013828565        2500                     40.08464964729096        0.029980275561660514
46.780520234097764        2500                     43.164403892201655       0.023808773998783735
45.96897902969097         2500                     35.41061068976379        0.0300307064194084
44.798567453576936        2500                     38.75994934771382        0.03712991268370117
46.160702510564114        2500                     35.03245976694109        0.02868951995795505
48.10211252425088         2500                     35.31974128343836        0.015032136762204497
48.11273479404831         2499.999999999968        31.019460898390914       0.014776571487615305
48.132602274680345        2500                     26.725602740202604       0.014457757376554636
47.111209628664994        2500                     28.689076734108408       0.021819540375021325
45.94356732321816         2500                     34.391810113696984       0.030192933706185202
46.051268010128325        2500                     30.320166353725558       0.029372913321323094
44.31814680916938         2500                     31.529014314946465       0.04016611042402153
43.88427748781122         2500                     29.196639831375915       0.042106569330957355
46.21292338266327         2500                     24.138617251471512       0.02663236529034934
45.674898147968236        2500                     22.46053093972433        0.029757346443749326
45.39261050725636         2500                     23.75054816665032        0.031998201385704986
44.76233315088364         2500                     23.120963669151415       0.03522416611302965
44.76749564976334         2500                     21.125610240865225       0.033803922807668946
46.124331993700544        2500                     20.62709771173587        0.02610626411795297
45.84052123700361         2500                     16.983654228112766       0.025530646870261065
44.47843259554348         2500                     19.189595022989092       0.03409567247767036
44.96131877795108         2500                     26.36128343644633        0.035432960904791255
46.16347213113865         2500                     26.704882237235985       0.02752035575564747
45.60282345852296         2500                     28.323961545467824       0.03172200983524742
43.45590474941238         2500                     27.59801598812177        0.044400514963997474
26.778734909110185        2500                     10.468283055946475       0.055652569378187564
13.935827773617945        2500                     9.795772370053978        0.04457064207458995
12.257531790391269        2500.0000000000005       12.237860790142328       0.048933803341775606
16.008505798437003        2500                     12.45958373517569        0.05641694888180766
17.929377418898635        2500.0000000000005       8.550454096178992        0.04521421067929671
13.30067128427541         2500                     14.02046595883412        0.05552392966957046
11.760635516369648        2500                     21.80209439439546        0.06374164735156614
11.53862402209655         2500                     21.12791907361379        0.06216685336935708
11.19103316317064         2500                     21.63238941650287        0.061850046381689484
10.456236129190774        2500                     22.123837534290008       0.05897166140272075
11.281614538562394        2500.0000000000005       22.031360959395144       0.0626002827671547
10.807847162761878        2500.0000000000005       20.85960731560591        0.05937147881874582
8.095072837333214         2500                     23.994613934510266       0.050316407978566735
11.06281242138925         2500                     14.11222090047           0.04936189633442192
9.370214196736184         2500                     16.165472315304857       0.04781631705924094
11.608236696152474        2500                     16.322557082147178       0.055411154073940344
43.398181342277574        2500                     12.264213691395017       0.03135164843643637
44.53520537948237         2500                     10.332737443558496       0.024407464417938934
41.96992221915585         2500                     10.607616408492753       0.03313683344309225
42.566633620815836        2500                     8.090333983538752        0.026080594476570976
44.685657327989425        2500                     12.33167699059082        0.025855353357354092
39.533717597942136        2500                     9.782019188820815        0.0381271115088621
41.9893733559455          2500                     8.04186826662869         0.02757873594475545
38.354769811526644        2500                     8.976251682503511        0.0378655062633999
38.280971501187196        2500                     9.764110051583057        0.04066524019211813
30.59447526258542         2500                     10.90741761371086        0.055883997204158056
30.015165039307647        2500                     10.09296234622376        0.053111252854445
28.912044916207535        2500                     12.110307966215021       0.061050368206763475
34.33501400358182         2500                     10.784476781355815       0.050967985488507575
34.49127414060726         2500                     10.763308744280938       0.05067577256727868
34.35764210461857         2499.9999999999995       10.648217385307028       0.050414016536229234
34.02928007997056         2499.9999999999995       10.645354611662125       0.050737298071747636
34.43035242212664         2500                     10.943209233225693       0.05131003759583134
31.50304858202479         2500                     12.039203284571682       0.05804389465016012
30.72467927951902         2500                     15.792382242063255       0.06895465328861317
34.6267774234083          2499.9999999999995       10.91652088862844        0.05078363024771355
38.94240784490108         2500                     10.79906142649819        0.04189944756441751
43.02423214369838         2500                     15.241522189181646       0.036919277015141305
42.581814568845424        2500                     14.86540862665803        0.03859935054492606
42.23321765954458         2499.9999999999995       14.890848328251673       0.039988060298866944
42.34595518246196         2500                     14.973148864165118       0.039749548454369406
42.40819456182682         2499.9999999999995       14.921641260917223       0.03943351290126788
42.48839776107386         2499.9999999999995       15.250655602607264       0.039427645454427764
42.265550806600125        2500                     14.65949717243266        0.039437897824261096
41.75067950563903         2500                     23.363828352624367       0.05137159848758193
42.65942068482054         2500                     21.264107826967894       0.04508469340559359
42.02729455450924         2500                     25.69743313906755        0.05109409264050187
42.45747963570696         2500                     24.002271503442607       0.047738733043208484
42.27671755274707         2500                     15.094054222240713       0.04018677724998731
41.2023689013882          2500                     22.142361238347142       0.05239360025199288
44.18831294872431         2500                     17.968511215105362       0.03491404917343158
45.72858056613297         2500.0000000000005       16.41449200247278        0.025788102496866427
43.70865993621494         2500                     18.79488903866106        0.03794903061835668
41.31189346206115         2500                     18.919766745818936       0.04862634158809376
42.453011665054746        2500                     7.715599230921783        0.025614950113714362
45.21450832757437         2500                     9.771995124486466        0.021098881017055104
42.59644821901603         2500                     7.817710239567037        0.02542780430050498
15.898556832527294        2500.0000000000005       61.10300304546023        0.044545090123209743
5.306469171829615         2500                     53.907398670331254       0.030459290985942203
8.866098108836052         2500                     57.4249574016728         0.04017499175367863
11.804554265252031        2500                     59.3176183633247         0.04319802615986729
7.548809316403561         2500                     56.85613390693388        0.03642002727136154
9.672238913372187         2500                     53.798088108688866       0.04945562226909022
44.399699077617754        2500.0000000000005       43.72239185586614        0.03883756465815568
44.19674422160003         2500                     44.99016586697255        0.03937748108192789
44.99142984695138         2500                     44.211272433305695       0.03511370500600188
46.457012888191244        2500                     43.51690495066791        0.02579918221275505
44.95975059041936         2500                     43.01343045312525        0.03558531177386124
44.346366936155746        2500                     42.267646087662996       0.03939447016751342
26.490419645280117        2500                     60.48536034195407        0.052289356811130214
26.997822170140243        2500.0000000000005       61.05997293307803        0.05000230446577773
40.9906628279888          2500                     61.41452422186862        0.031359872128569444
35.67468714562547         2500                     64.77862974253948        0.028410663851641992
34.14041962496135         2500                     66.38435754557047        0.021280530790256554
37.412328268951676        2500                     65.34944156432104        0.023990989024965357
34.85807540329531         2500                     62.3432247132811         0.03934526261214916
33.77831322454642         2500                     66.48448337079449        0.021069383691886535
35.45347040994325         2500.0000000000005       61.39451167402745        0.041876992916029
39.88397611961827         2500                     61.109470493880195       0.034856424346026156
38.641672986053905        2500.0000000000005       56.35004529366013        0.0496420323990886
38.87861826089116         2500                     55.99213923534028        0.04967070513668117
38.432578369865205        2500                     56.003540486866626       0.05103495354360751
37.90263842900824         2500                     56.69083957833608        0.05003643579091392
38.7384864635781          2500                     55.643579496478246       0.05074022981167504
38.398704939631344        2500.0000000000005       55.84299880921763        0.05148419370901247
37.8821471448113          2500                     55.90180448322788        0.05242314310284357
35.02638436966068         2500                     57.250600700036514       0.05516563180514284
41.53198075086459         2500                     53.7929424825012         0.044775613069419545
13.912303940344275        2500                     56.246942080938396       0.056223823656098196
12.394363096888362        2500                     59.21004640006151        0.04502146439142212
15.905155061562425        2500                     56.97007938268659        0.05776537673168959
11.104480875768147        2500                     53.78580261737344        0.053342119401083445
17.771392392583333        2500                     58.63095778741294        0.05468838793421423
21.519102070063646        2500.0000000000005       56.7005458961903         0.06558928108915246
21.78522762979414         2500.0000000000005       56.629043512176374       0.0658746768520243
21.777106143094972        2500                     60.510276688434026       0.05154284514946306
21.548700357428505        2500.0000000000005       56.58673226668912        0.06595339832997886
21.409225355635584        2500.0000000000005       56.680322732216766       0.06557016052808158
21.35267960825401         2500                     56.86327910791282        0.06490441445297292
21.86824655796776         2500                     61.85163939302343        0.046603214672793596
19.079659644689087        2500                     59.48413201557844        0.054034342343651016
21.847427721923577        2500                     61.828836255582495       0.04667112838011354
34.503542877093196        2500                     61.42583717291827        0.04334746661700386
33.9524780244666          2500                     57.24057472732372        0.056966020365294044
29.58889638748176         2500                     58.174996359844556       0.05977440874185892
27.525449688956595        2500                     57.53263000781847        0.06282920282803271
29.33618811944893         2500                     59.939313567064815       0.05353773780684124
32.567400325713905        2500                     60.574118121872104       0.048469743148978076
32.00371479944683         2500                     57.52786504617977        0.05859159402882326
21.89533924571272         2500.0000000000005       61.848017295545866       0.04662595961134695
3.3864718077403064        2500                     33.94015213373939        0.025382434082045956
5.113547720469482         2500                     36.05361260292072        0.037316003818590286
4.813855861312621         2500                     32.73768239243314        0.03523882965188071
7.587832536262077         2500                     34.02299327929434        0.051228170595168404
4.059212134993425         2500                     39.03203995549937        0.03003426011468363
4.040359390905295         2500                     41.20608652231758        0.029664535594460854
5.020721309641578         2500                     37.20910706916483        0.03664339889107308
5.461014597866419         2500                     40.25391161361787        0.03846583548219123
5.044193252907514         2500                     36.543474247142505       0.036861879524848325
3.997155113741619         2499.9999999999995       45.91944400572468        0.02819214194392336
3.9573362387085944        2500                     45.78778820509324        0.027940015354970902
4.053128646751005         2500                     45.92009978989947        0.028544697011487246
4.01702634549523          2500                     46.0732273492032         0.028258110930654935
4.229696189153716         2500                     46.09381050511246        0.029442844355899056
4.101411200831896         2499.9999999999995       45.83871140189465        0.028863482778746476
4.031467200631319         2500                     45.85395309924609        0.028435278010714597
4.023353816591444         2500                     45.656801946325324       0.02843641803662575
4.281096673472893         2500                     50.270544180935005       0.02798163728612895
5.998550207268151         2500                     49.27672171493338        0.038035107187665236
8.598685275943144         2500.0000000000005       52.17545928002309        0.046537209321176
9.609996676557875         2500.0000000000005       52.7267700658677         0.050717803111133976
8.040678079930968         2500                     44.15645835656737        0.051674202749532605
7.500031066459964         2500                     43.637065018531665       0.04915909015250555
7.537497378352611         2500                     44.35878083546258        0.049150016255188236
7.792482795913805         2500                     44.551898714491706       0.05033905925271287
7.432355064365047         2500                     45.554186937113116       0.047869510327081144
8.33445833883054          2500                     44.9292494263617         0.0522831167296786
6.792719808969393         2500                     43.85326036055051        0.0448823944082052
7.6271670401222575        2500                     48.55324074964123        0.04644675218906706
10.553181567461412        2500                     47.81489428166519        0.05978555521539321
9.850947002736595         2500.0000000000005       51.91538530741529        0.05264496734989255
8.75432278602263          2500.0000000000005       27.378179391793974       0.05610972628410225
9.468738340811754         2500                     26.483237963741516       0.05847349441904735
8.675934770718296         2500.0000000000005       27.73091502854451        0.055883013222945324
5.587490868793171         2500                     29.537810077801137       0.03886480857893036
8.840579289604957         2500                     27.949529105546468       0.05685977392865128
9.623504614505979         2500                     40.000869682518044       0.0606195982379238
10.422883715985714        2500                     40.074777399919704       0.06453178213116258
7.510852442348059         2500                     38.11703329853128        0.04971682172029076
10.16035501369335         2500                     39.70273977631411        0.06345511977305623
9.71133559535095          2500                     38.07248348325096        0.061618206353402524
5.445327651266512         2500                     37.12214395808148        0.039129666428793605
7.0467458603696045        2500                     40.66106966350298        0.04757459799856502
5.35011699815817          2500                     36.6322719562143         0.038727762817378386
8.273291792952293         2500                     35.01899872513397        0.0552468705882293
7.840931494586514         2500                     31.61423017452645        0.05208392304674196
8.786810296209449         2500                     33.05657919669546        0.0577757526613203
9.082886161458205         2500                     31.37265792170679        0.058964434849242006
8.937144486517045         2500                     28.161851395885325       0.05743674239993725
8.487994950965907         2500                     30.790260456943113       0.05572461440896302
8.926937412004458         2500.0000000000005       27.839895683823094       0.05727689585747219
38.24963182411079         2500                     55.378856362276785       0.05275926449905344
41.80744201372019         2500                     40.49465662127203        0.05315189323420335
42.21696701637919         2500                     41.69919394770384        0.05088821866656731
40.07229477679393         2500                     51.82701972764018        0.05281828634727975
40.83546262407946         2500                     48.63158233382893        0.05272734885208215
37.014270957216226        2500                     49.90067347540364        0.06590027328530057
21.888006107519274        2500                     61.818398078700774       0.046735592575236955
25.413940020237206        2500                     56.486336273804916       0.0671396348231251
41.4019462683332          2500                     39.2790685498064         0.05578676661125359
42.917122816659           2500                     35.9241021747643         0.04846070620301801
45.5153202795825          2500                     35.00463627308162        0.03276556171343008
43.002058686104206        2500                     33.412769038216965       0.0480722898340913
40.432788316063416        2500                     32.976780409471544       0.06060468611323712
40.239391644548704        2500.0000000000005       35.540992458337605       0.06179843169690957
45.98007509893877         2500                     35.011640701512604       0.029964513339639127
34.25570675944468         2500.0000000000005       45.01992942341984        0.07948780216028963
38.1554393138306          2500                     48.38894503480368        0.06310982710585503
34.11851316892245         2500                     45.131506741805616       0.07987952369433986
41.72123708110041         2500                     47.125824331504035       0.05089693461231497
39.81155517108486         2500                     46.11335476600068        0.06000148065510758
40.88502780813292         2500                     41.7993577140182         0.05756843169891645
41.152699802363756        2500                     40.83710770919045        0.056775775561425955
23.258770190755126        2500                     9.929128111837827        0.05420413120733004
18.658111528490817        2500.0000000000005       8.447920772944839        0.04571684655869806
20.01846212079876         2500                     11.911470507028813       0.0592381632895386
24.774965770645466        2500                     12.549631531946662       0.06388059902528598
14.493262069146624        2500                     16.813460144917734       0.06442573615478905
17.374863874174903        2500                     17.727321769459433       0.0715460489532877
16.97026512817464         2500                     14.61429148606426        0.06335695183859893
15.902149482386864        2500                     19.015617873446423       0.07149747380646765
14.680327782617123        2500                     8.080080320149579        0.040014048790722755
16.11358152190859         2500                     4.71348691149425         0.026859623446321566
18.205803760281842        2500                     8.198800704245059        0.04442195904953344
18.264569696915913        2500.0000000000005       8.347009254928825        0.04503740629860694
17.713415872754283        2500                     12.3302665126578         0.05888095541408245
30.375943473446505        2500                     18.0344850698458         0.07548809573488131
26.701734534308386        2500                     13.66737930878584        0.06791869316461646
41.0874884605855          2500                     40.34655111816088        0.05728511120226151
39.5651220605459          2500.0000000000005       35.90056030567869        0.06512979709844656
11.206282720002417        2500                     30.4887766834323         0.06726556230746789
11.773667941993512        2500                     23.653530248013084       0.0655010599549334
12.317662073404414        2500                     22.591482306740854       0.06617702891553048
37.086688954888636        2500                     27.028012382255017       0.07258028941856089
36.46430904888428         2500                     27.479310660558035       0.07525367093562617
36.941554555723016        2500                     27.487369529727047       0.0734507902952481
37.2134704279399          2500                     28.37754656007393        0.0728290922822765
36.654370423573695        2500                     27.07327739047061        0.07427496474144553
37.85383440468706         2500                     27.53644051872446        0.06951884723937424
35.53376705381448         2500                     26.680303387881697       0.07665542200735279
37.341018331946316        2500                     21.858067070608048       0.06575002836068564
36.17196564660461         2500                     24.922194722929834       0.07351553221961007
39.72871413625653         2500                     31.068932882399753       0.06389989680038034
42.791528620705435        2500                     31.38184490844941        0.04894399924934037
42.24502759982702         2500                     28.521325222401096       0.051406910527557276
45.92937365392877         2500                     34.86496611702042        0.030301108781416886
43.65283971185451         2500                     32.276468371477144       0.04432950835119032
24.075807763618144        2500                     15.248934311891219       0.0715312848541297
18.9939885856652          2500                     14.549858370746254       0.06651981511355126
20.654987833766377        2500                     17.92780864055656        0.0774096679929424
18.900350462039402        2500                     19.327395857800916       0.07709807791609305
26.100564258477718        2500                     16.51588990165937        0.07492992220395488
24.383252021769746        2500                     19.163867952816645       0.08102305560960778
26.00770719995471         2500.0000000000005       19.92778716574388        0.08283496380319137
29.481260165832175        2500                     18.985137391316208       0.07830817722151862
28.79016352203896         2500                     22.053357125835614       0.08418486986968711
22.262561468994836        2499.9999999999995       24.200703562553823       0.08923595255181269
22.023472564160805        2500                     22.904211673008284       0.0870685565112525
21.214475751733904        2500                     23.430276278592704       0.08673987796949757
25.736714470326504        2500                     23.81744620572986        0.08750601287177578
22.861700602291656        2500                     23.418198062772596       0.08821785369866411
20.89941641640278         2500                     24.708106279048884       0.08804865945514169
9.141629422125403         2500                     27.768940472943004       0.05800383005804716
16.09437720424406         2500                     23.00447636817424        0.07829765551772155
16.988124945670005        2500                     25.75753311269738        0.08352690773880223
14.047660926339821        2500                     28.3194693591084         0.07688525133367811
39.06774400552395         2500                     13.696027730340838       0.04864173222364643
35.71777580083014         2500                     21.318453428324702       0.07119219550122229
30.93852028617732         2500                     18.964379600097576       0.07709509091971499
30.988378297198665        2500                     22.99377217606084        0.08403937485002
35.101616094670376        2500                     21.057079228827998       0.07248457475193165
36.49901616642704         2500                     14.085922123575735       0.05548157948803333
34.30881640437609         2500                     14.922689266197478       0.06288119037775206
35.225559559945225        2500                     20.124969535405782       0.07039651359678231
31.527405483593146        2500                     17.877835471224046       0.07373066206856915
38.59076313283144         2500                     16.270034892372294       0.05453781237374251
35.97966986474847         2500                     20.583072516651054       0.06941540248612897
39.05383596655105         2500                     18.455388497059538       0.05669078625511466
37.012786316819216        2500                     17.27130838771029        0.0606867604159753
23.19240099623277         2500                     51.14859925118827        0.08040745219915826
23.683524992068428        2500                     51.65484363110018        0.07976909801431793
23.779141765384676        2500                     51.226977046693996       0.08059607599232092
24.220724975706013        2500                     52.797609849882505       0.07672903804044445
24.719219611649333        2500                     51.27004253717845        0.08020874495632209
21.2809774668107          2500                     56.43597883842517        0.06607256870181398
16.603506492539786        2500                     54.234707358571455       0.06610965940397998
22.20665697341081         2500                     51.87980663191494        0.07788305518680011
14.44659100949213         2500                     50.12592748748378        0.06969294074467333
15.084830872001136        2500                     47.50628547981047        0.07461321539053328
13.08216831511749         2500                     48.901396706431115       0.06692458382998093
11.166039358426618        2500                     52.16830639534895        0.056722982986322196
16.17768217444844         2500.0000000000005       49.35560963861083        0.07453843836360026
16.53968467780621         2500                     51.92855072355389        0.0705532969033884
10.190043013600551        2500.0000000000005       52.728591914340896       0.05293655598360495
38.418724883768846        2500.0000000000005       44.00729908871453        0.06717283441749948
40.65787953482256         2500                     40.958482410829184       0.058997178322775415
37.15165384883454         2500                     41.81844362073967        0.07334143914448217
34.070633308676875        2500                     44.88487364537069        0.08026001021683916
33.69698488747143         2500                     55.43289697921021        0.06252223908387433
34.92240301111361         2500                     51.81736785608291        0.06770050035763618
30.932144557002985        2500                     51.754820673076054       0.07519075224304286
31.058921629055785        2500                     55.563378899231594       0.06548637592756368
26.259387624655183        2500                     55.49841002795591        0.06975632495246276
28.467236573204072        2500                     55.221964007766374       0.06945693893809397
28.703232992786734        2500                     51.2383583859114         0.07916441793730825
18.393989984354043        2500                     53.08479715843892        0.07177102584060446
8.77058369729507          2500                     34.5032260218957         0.05790431179036294
12.980009310005721        2500                     32.82086303546461        0.07510577609225189
10.477094902795105        2500                     34.83167728143309        0.06515340625019311
14.393237023117608        2500                     35.56759801337147        0.07960540707202265
12.544943503000791        2500                     35.2603488608361         0.07408997731230756
11.85270254446258         2500                     35.71035848446696        0.07105608736783446
12.302907434834463        2500                     46.40935277684664        0.06781198051431259
12.702223625745063        2500                     43.95957381569329        0.07149306393540081
14.676509785786145        2500                     45.26325044248968        0.07627615830668172
13.540149341474686        2500.0000000000005       39.9940006672959         0.07652164497859533
14.345383243276862        2500                     39.994657178646506       0.07877722593327384
14.785784921504153        2500                     38.81349303436062        0.08049753420354912
13.599539349586266        2500                     39.25345946931601        0.07690175617581836
13.108842772205703        2500                     39.510119970322116       0.07477529215301008
14.28898458210948         2500                     41.3171418212227         0.07778597736078453
16.911023763792187        2500                     27.113992535489636       0.08422952542533416
13.748510217165503        2500                     29.508123281348894       0.07684064438842617
9.063664771914782         2500                     27.895225504362166       0.057826045753559895
13.428855903040251        2500                     30.349745618120135       0.07608608134367295
21.778855670089417        2500.0000000000005       34.46434862240924        0.09476255880501086
22.8403892181899          2500                     34.380155124544096       0.09600788019421015
22.311252342510066        2500.0000000000005       34.00972736055442        0.09558495220174328
22.656042054741686        2500.0000000000005       34.0105287209327         0.09583733704881969
27.137744158286534        2500                     44.83844617500719        0.09059696216256512
26.768889308683587        2500                     44.17546776661496        0.09177237462399802
26.50102014231371         2500                     44.98323737660512        0.09107875923590883
25.832019086661663        2500.0000000000005       44.48400000422758        0.09130090273494723
25.474707409564633        2500                     45.2461588905496         0.09016716051316842
27.294829065469024        2500                     46.246980114804494       0.08851524337936131
32.84873275184735         2500.0000000000005       44.91581240585889        0.08221041066542696
26.312110239473178        2500                     43.00302254973976        0.09264781065214019
30.008543995319954        2500                     49.45817217841666        0.08113899571166913
34.24425133141534         2500                     49.26461144476468        0.07366806680654307
33.85930088468792         2500                     45.02873882712898        0.08066815183352695
32.54383953546636         2500                     38.59081990299742        0.0878563072366185
29.080225350645193        2500                     38.36783915359508        0.09261920926647599
30.75866582319368         2500                     40.084563063997386       0.09056711688495858
29.32310781469083         2500.0000000000005       34.87790974967505        0.09393541336633122
33.32671848903094         2500                     40.23111674441803        0.08508007991489702
33.82415573599067         2500.0000000000005       44.666182831223814       0.08108441117563628
35.87956689743982         2500                     38.9339688789438         0.07910855799768471
40.16824394322503         2499.9999999999995       40.16945854930298        0.06116041515045706
35.000749374025055        2500                     36.77401521071017        0.08237273825662725
29.532309894447536        2500                     34.49508052061064        0.09342697499228615
38.6062197241773          2500.0000000000005       36.09930848013055        0.0690405335255036
29.513461762760784        2500                     34.11255522984541        0.09349160501138042
34.55824904690515         2500                     33.93463232076165        0.08345522587465276
34.69646925737085         2500                     31.124980482702323       0.0824278689751573
38.38813595252307         2500                     35.15390665663209        0.06966006255347928
37.87433544927006         2500                     32.02692857609206        0.07141020530703546
24.02699498261677         2500                     26.472771133129037       0.09209437774750978
23.34527565085418         2500.0000000000005       32.86783906586768        0.09569414320278746
26.17926774246265         2500                     34.1997217134808         0.09511399748569065
32.82144709830406         2500.0000000000005       29.3938419652178         0.08640068759946726
27.0194632577714          2500                     29.25509747656289        0.09403828421633754
29.170783826913297        2500                     33.93683220135025        0.0942191574177202
30.945400595744797        2500                     25.58033570300226        0.08675456180405665
26.054606460251588        2500                     28.207449224283362       0.09423095493885231
29.983677044708916        2500                     23.83774085141566        0.08637475720964953
33.9370753147962          2500.0000000000005       44.907239664760894       0.08066353233588272
39.1670772209865          2500                     31.89012241671136        0.06670502667575749
39.3266006602835          2500                     35.36512935439517        0.0662560491415978
18.037930405040505        2500                     34.018580462952414       0.08940450804668643
15.132893511941045        2500                     29.90169400232037        0.08047487319534408
19.211525264593256        2500                     30.83744953996954        0.09146910197400382
18.332702797181362        2500                     27.964477490742375       0.08808542611673909
24.306474994243363        2500                     29.265245811154152       0.09433596283339764
31.113017535158452        2500                     24.21478512823408        0.08531541430432704
35.18865266407171         2500                     21.54771004577694        0.0729156173982147
25.543862381043517        2500                     28.851083793224934       0.09504120924653006
19.526889259211124        2500                     41.62091542145158        0.09057181082640155
22.817677794087885        2500                     38.577330435494844       0.09440158505538149
19.476134964042274        2500                     44.41566517362982        0.08723600084426464
18.25894959397082         2500                     38.191052001863596       0.08933516510646988
17.087136680989047        2500                     43.916319389507045       0.08304734488970072
17.040157948350014        2500                     46.05193346906208        0.08055009550181402
19.58769595738871         2500                     47.75780245714767        0.08369596855560554
18.377438639145655        2500                     51.569720351100855       0.07458067186025301
17.18734300861198         2500                     36.178265686035765       0.08805906355220636
25.34689466250639         2500                     35.88855342535931        0.09755445418246991
25.683089419016603        2500                     30.091903070920946       0.09569657309036345
28.819031172767396        2500.0000000000005       34.28653860673922        0.09471684498958606
29.1006972865216          2500.0000000000005       34.310012657681206       0.09440614449861257
26.03861590782858         2500                     29.12678139494681        0.09511692815130363
49.103584077525475        2499.99999999997         64.92172646919461        0.0031199710160451912
49.10491551530095         2500                     69.10491551530096        7.239888310363229E-4
49.55122348445287         2500                     69.55122348445288        3.899785005779144E-4
49.99999999999999         2499.99999999997         65.58422827715485        0
49.99999999999999         2500                     70                       0
4.415771722845002         2500.000000000029        70                       0
5.083133167805418         2500.000000000029        69.08253586237895        0.0032271121442764934
0                         2500                     70                       0
0.4509055536647078        2500                     69.54909444633529        3.6176575163678374E-4
0.9107458676536724        2500                     69.08925413234633        7.192393639914307E-4
4.415771722845002         2500.000000000029        0                        0
0                         2500                     0                        0
5.118614674395776         2500.000000000029        0.9631405129463233       0.0033181224749334365
0.4743133941622702        2500                     0.4743133941622702       3.74497666189162E-4
0.9495509246873359        2500                     0.9495509246873359       7.777662711234894E-4
0                         2500.000000000029        4.415771722845008        0
0.9204793485163686        2500.000000000029        5.095333470874996        0.0032543292173485526
0                         2500                     8.831543445689963        0
0.446497703442227         2500                     9.07515713773904         0.00232497474133329
0.8933335695105792        2500                     9.318525963480344        0.0046123227257517385
0                         2500.000000000029        13.247315168534962       0
0.8780485815906248        2500.000000000029        13.599207224130332       0.005378088177975973
44.88004152325258         2499.99999999997         0.9672183515630259       0.003338990340737302
49.022795341817364        2500                     0.9772046581826366       8.00360094636451E-4
49.509824492022005        2500                     0.49017550797798926      4.1643653253426176E-4
49.99999999999999         2500                     0                        0
45.584228277154885        2499.99999999997         0                        0
49.03635075275317         2499.999999999971        5.128150576394681        0.0032962167355106895
49.99999999999999         2499.999999999971        4.41577172284513         0
44.9361281181081          2499.99999999997         69.10860755609976        0.003155728178871253
45.584228277154885        2499.99999999997         70                       0
49.54499350979452         2500                     60.91926814131108        0.0023606613153215276
49.0984592039315          2500                     60.67505431037618        0.00465244252788004
50                        2500                     61.16845655431017        0
49.09366660287215         2499.9999999999695       56.384229811742244       0.0056661958634562064
49.99999999999999         2499.9999999999695       56.752684831465054       0
0                         2500.000000000029        65.58422827715499        0
0.9073264948387735        2500.000000000029        64.91511474952846        0.003179243581586789
8.83154344568995          2500                     70                       0
9.071885582267779         2500                     69.54243450805336        0.002302136960588634
9.320235187605142         2500                     69.06981758722054        0.004677094429895316
13.24731516853495         2500.000000000029        70                       0
13.59376471416374         2500.000000000029        69.05082158019947        0.005758133075173078
0.44475529083717175       2500                     60.92545029417545        0.0022390785462327086
0                         2500                     61.168456554310026       0
0.8961802540293717        2500                     60.67823597872636        0.004532149567023179
0                         2500.000000000029        56.752684831465025       0
0.885170219076227         2500.000000000029        56.39709299565005        0.005482676007853748
17.663086891379905        2500                     70                       0
17.772609321357542        2500                     69.52624170660587        0.0031660361778148394
17.885469178636562        2500                     69.03827705595145        0.006435570810813287
21.759442958445916        2500.0000000000227       70                       0
21.867881184084112        2500.0000000000227       69.0344514960492         0.006820234353970286
25.574554076274392        2500                     70                       0
25.574447578875937        2500                     69.52683726074372        0.003390269476476161
25.574505540999553        2500                     69.04476906988532        0.006809351653343003
29.22241108766921         2499.9999999999977       69.05375145966333        0.00661391562994788
29.32889663342887         2499.9999999999977       70                       0
9.08482545066819          2500                     0.4799231188217566       0.0024385655595500263
8.831543445689952         2500                     0                        0
9.339130633169733         2500                     0.9622514987636148       0.004898461363882653
13.247315168534955        2500.000000000029        0                        0
13.596047626685479        2500.000000000029        0.9483259155143109       0.005799957181849876
21.759442958445923        2500.0000000000227       0                        0
25.576312604956033        2500                     0.45898193411545735      0.0032545046354587543
25.574554076274396        2500                     0                        0
25.57820024688712         2500                     0.9012976841369722       0.006388726010095355
21.865324636668234        2500.0000000000227       0.9134663177703006       0.006434648809891249
29.32889663342887         2499.9999999999977       0                        0
29.231712481781102        2499.9999999999977       0.8987090662369068       0.0062731991219685136
36.42074070067766         2499.9999999999695       0.919560824068108        0.005580290273568376
36.75268483146509         2499.9999999999695       0                        0
32.76278314406261         2500                     0.904969851609841        0.0060299150644314735
32.86338526704755         2500                     0.46104567837400207      0.003074417324559956
32.96824496299858         2500                     0                        0
0                         2500                     17.66308689137993        0
0.43813902484620626       2500                     17.79077989357113        0.00304803002170806
0.8745239138897205        2500                     17.91813496415695        0.006056219837881016
0                         2500.0000000000286       22.078858614225094       0
0.8794079752291561        2500.0000000000286       22.25571953379508        0.006586983333921817
40.6724343064523          2500                     0.9455880365109415       0.0048670351145592376
40.91890083302536         2500                     0.475464249920942        0.002438601704404855
41.168456554310204        2500                     0                        0
49.07092636039127         2500                     9.339478431359037        0.004828614233364773
49.532954302686505        2500                     9.0870232332548          0.0024277794117201186
50                        2500                     8.8315434456898          0
49.10367611632545         2499.9999999999695       13.606872760336886       0.005579348133298657
49.99999999999999         2499.9999999999695       13.247315168534923       0
49.135628281910094        2500                     17.912099139601295       0.006062321463612864
49.561437015397445        2500                     17.789591414796043       0.0030837231493126655
49.99999999999999         2500                     17.663086891379606       0
49.14698507014144         2499.9999999999695       22.24705306747342        0.00639139902708055
49.99999999999999         2499.9999999999695       22.078858614224828       0
49.55088661725197         2500                     52.20487485331784        0.0031107497017329646
49.102561791067274        2500                     52.07274317854153        0.00623547755473239
49.99999999999999         2500                     52.336913108620394       0
49.11320202233891         2499.9999999999695       47.738006385243835       0.0066086473458197535
49.99999999999999         2499.9999999999695       47.921141385775165       0
40.69484744681126         2500                     69.09877506983987        0.004562218282014316
40.930778584471796        2500                     69.547324466785          0.0022856152249344044
41.16845655431021         2500                     70                       0
36.41777847219082         2499.9999999999695       69.08584597724762        0.005500922582599025
36.75268483146509         2499.9999999999695       70                       0
32.75334085598842         2500                     69.0723926050276         0.006226944500315856
32.86016825133552         2500                     69.53381608261341        0.0031360730106958644
32.96824496299858         2500                     70                       0
0                         2500.000000000028        30.910402059915594       0
0                         2500                     35.32617378276062        0
0.4398364095325435        2500                     35.326055779063886       0.00357436154455965
0.8834738317883803        2500.000000000028        30.963957823863993       0.007101481609246717
0.8790869769318719        2500                     35.325902070137985       0.007163103174194418
0                         2500.000000000028        39.08959794008439        0
0.8715877174420448        2500.000000000028        39.03625897295948        0.0070037834749748
0.4321407327350161        2500                     52.210753076440575       0.0030230709371801235
0                         2500                     52.33691310862007        0
0.8688096568649709        2500                     52.083063569106436       0.006051703566024099
0                         2500.0000000000286       47.921141385774895       0
0.8629210229982116        2500.0000000000286       47.74451914894421        0.006497972013949961
0.43229058863223          2500                     43.44972936966116        0.0033908258296812734
0                         2500                     43.50536966292991        0
0.8641430927002745        2500                     43.3940788188312         0.006776440475908422
0                         2500                     26.494630337070078       0
0.4400086331866018        2500                     26.550233680138312       0.003487085332025361
0.8818732105662854        2500                     26.605980007688395       0.0069507361044323195
49.56145017947871         2500                     43.44812308604951        0.0034380602399123735
49.12643404410139         2500                     43.39115935994736        0.006887814332681755
49.99999999999999         2500                     43.505369662930555       0
49.13078738607236         2499.999999999968        39.03342905025629        0.007022109046927176
49.99999999999999         2499.999999999968        39.089597940085135       0
17.772557042657063        2500                     0.467675748500472        0.003149590037591116
17.663086891379912        2500                     0                        0
17.880408806100256        2500                     0.9274878425719643       0.006269827039419983
49.14215217911287         2499.999999999968        30.959974259222157       0.0069197780938317415
49.13732387465949         2500                     35.32324991943162        0.007007591575773173
49.99999999999999         2499.999999999968        30.910402059914855       0
49.56844359100934         2500                     35.32479287226032        0.0035081465078868426
49.99999999999999         2500                     35.326173782759334       0
49.15118285212743         2500                     26.59961779303906        0.006724183110368599
49.571035048578146        2500                     26.547520344021137       0.003387232907144239
49.99999999999999         2500                     26.49463033706943        0
48.56638369664441         2500                     68.56638369664441        0.001759386535929238
1.4625542444404298        2500                     68.53744575555956        0.0016440050161497521
1.519835961317415         2500                     1.519835961317415        0.001796419106487685
1.4295366087926018        2500                     9.610568554369905        0.007244956341420366
48.43458473224378         2500                     1.5654152677562236       0.0018555095570202498
48.55245141568493         2500                     60.37602821477728        0.00750754307522712
9.618254714009979         2500                     68.50267728222116        0.007394932253697337
1.437890209860012         2500                     60.381578800187455       0.007185548407533709
18.02090100737138         2500                     68.45271947516618        0.010108056435453512
25.574377744121403        2500                     68.47697378277779        0.010654286079580346
9.644296852171582         2500                     1.5410455546938446       0.007768520992787404
25.58046541720443         2500                     1.43207658416279         0.009930944384509473
32.636951508921356        2500                     1.4582246656586435       0.00957500555530063
1.400290743705168         2500                     18.071366566786388       0.009573152528098747
40.3729674409105          2500                     1.5161451364160718       0.007732373192550651
48.51047152361508         2500                     9.646054176437037        0.007703606580610597
48.609352700387035        2500                     18.063904567701023       0.00961705720965331
48.56362573176964         2500                     51.914297272178466       0.009790929129098342
40.40963388300517         2500                     68.55556442998186        0.007228701033592692
32.62364880199275         2500                     68.51297190416369        0.00984356668016675
1.4068906683709241        2500                     35.325760465701904       0.011261956554326012
1.3928123658209168        2500                     51.92983616030547        0.00950636431879524
1.3828917990589504        2500                     43.32731046690871        0.010656083134970431
1.4121107034219058        2500                     26.672875600748498       0.010899433794121945
48.600174259475835        2500                     43.32246346769011        0.010812564922686615
18.01177298763283         2500                     1.4886987407725307       0.009865329432375513
48.619456183870696        2500                     35.3215928268328         0.01103345139980923
48.63642491042121         2500                     26.6630858013811         0.010596560698314552
